71127930
71127929
71127928
71127927
71127926
71127925
71127924
71127923
71127922
71127921
71127920
71127919
71127918
71127917
71127916
71127915
71127914
71127913
71127911
71127909
71127909
71127908
71127906
71127907
71127905
71127903
71127902
71127900
71127899
71127901
71127898
71127897
71127896
71127895
71127894
71127893
71127892
71127891
71127890
71127889
71127888
71127886
71127885
71127883
71127882
71127881
71127878
71127875
71127876
71127877
71127872
71127871
71127870
71127869
71127868
71127867
71127866
71127865
71127864
71127863
71127862
71127861
71127859
71127858
71127857
71127855
71127854
71127853
71127852
71127849
71127848
71127846
71127847
71127845
71127844
71127842
71127843
71127840
71127839
71127838
71127837
71127836
71127834
71127835
71127832
71127831
71127830
71127829
71127828
71127827
71127826
71127827
71127824
71127821
71127822
71127819
71127820
71127817
71127818
71127814
71127816
71127812
71127813
71127810
71127811
71127809
71127807
71127808
71127805
71127806
71127803
71127804
71127801
71127802
71127799
71127800
71127797
71127798
71127795
71127796
71127794
71127792
71127793
71127789
71127791
71127787
71127788
71127784
71127785
71127783
71127780
71127781
71127782
71127779
71127777
71127778
71127775
71127776
71127774
71127772
71127773
71127768
71127769
71127766
71127767
71127764
71127765
71127763
71127759
71127761
71127762
71127758
71127756
71127757
71127753
71127755
71127752
71127750
71127751
71127747
71127748
71127749
71127746
71127744
71127745
71127742
71127743
71127740
71127741
71127738
71127739
71127736
71127737
71127732
71127733
71127729
71127731
71127727
71127728
71127726
71127724
71127725
71127722
71127723
71127721
71127719
71127720
71127717
71127718
71127715
71127716
71127713
71127711
71127712
71127709
71127710
71127708
71127707
71127705
71127706
